52.0
30.0
428.0
360.0
428.0
359.0
428.0
358.0
428.0
356.0
428.0
354.0
428.0
351.0
428.0
348.0
428.0
345.0
428.0
340.0
428.0
339.0
428.0
333.0
428.0
332.0
428.0
325.0
428.0
322.0
428.0
319.0
428.0
317.0
428.0
312.0
428.0
309.0
428.0
306.0
428.0
301.0
428.0
297.0
428.0
295.0
428.0
288.0
428.0
286.0
428.0
283.0
428.0
279.0
428.0
277.0
428.0
275.0
427.0
272.0
427.0
270.0
426.0
268.0
426.0
265.0
425.0
263.0
424.0
261.0
423.0
258.0
423.0
256.0
422.0
254.0
421.0
252.0
420.0
250.0
419.0
248.0
417.0
246.0
416.0
244.0
415.0
242.0
414.0
240.0
412.0
238.0
411.0
236.0
409.0
233.0
408.0
231.0
406.0
228.0
404.0
225.0
402.0
223.0
400.0
220.0
399.0
219.0
397.0
216.0
395.0
214.0
394.0
212.0
392.0
210.0
390.0
209.0
389.0
207.0
387.0
206.0
386.0
205.0
384.0
204.0
383.0
203.0
382.0
202.0
381.0
202.0
380.0
201.0
379.0
201.0
379.0
200.0
378.0
200.0
377.0
199.0
376.0
199.0
376.0
199.0
375.0
198.0
375.0
198.0
374.0
198.0
374.0
198.0
373.0
198.0
373.0
197.0
372.0
197.0
372.0
197.0
371.0
197.0
371.0
197.0
370.0
196.0
370.0
196.0
369.0
196.0
369.0
196.0
368.0
195.0
367.0
195.0
366.0
195.0
366.0
195.0
365.0
195.0
365.0
195.0
364.0
194.0
363.0
194.0
362.0
194.0
360.0
194.0
359.0
193.0
358.0
193.0
356.0
192.0
354.0
192.0
352.0
192.0
350.0
191.0
348.0
191.0
346.0
191.0
344.0
190.0
342.0
190.0
340.0
189.0
338.0
189.0
336.0
189.0
334.0
189.0
332.0
189.0
330.0
189.0
329.0
189.0
328.0
188.0
327.0
188.0
327.0
188.0
326.0
188.0
326.0
188.0
325.0
188.0
325.0
188.0
324.0
188.0
324.0
188.0
324.0
188.0
324.0
188.0
323.0
188.0
